// triangle 

	vector<vector<GLint>> vertices = {
	{0, 800},
	{400, -400},
	{-400, 400}
	};

// heptagon

	vector<vector<GLint>> vertices = {
	{0, 800},
	{293, 771},
	{754, 247},
	{468, -647},
	{-468, -647},
	{-754, 247},
	{-293, 771}
	};

// star

	vector<vector<GLint>> vertices = {
	{0, 800},
	{150, 200},
	{600, 200},
	{200, -100},
	{400, -700},
	{0, -300},
	{-400, -700},
	{-200, -100},
	{-600, 200},
	{-150, 200}
	};

// dinosaur

	gluOrtho2D(100, 600, 100, 600);

	vector<vector<GLint>> vertices = {
	{185, 467},
	{183, 468},
	{171, 472},
	{170, 464},
	{198, 453},
	{222, 430},
	{222, 405},
	{211, 370},
	{236, 339},
	{229, 324},
	{244, 309},
	{245, 290},
	{233, 262},
	{258, 265},
	{260, 282},
	{271, 300},
	{274, 267},
	{293, 271},
	{292, 296},
	{323, 297},
	{328, 271},
	{322, 269},
	{322, 264},
	{349, 270},
	{350, 297},
	{366, 270},
	{360, 269},
	{359, 263},
	{385, 265},
	{389, 274},
	{365, 305},
	{395, 311},
	{511, 285},
	{582, 301},
	{525, 308},
	{499, 308},
	{436, 333},
	{405, 341},
	{383, 358},
	{350, 367},
	{331, 370},
	{317, 365},
	{263, 368},
	{247, 382},
	{244, 419},
	{227, 454},
	{184, 476},
	{167, 474}
	};

//gluOrtho2D(-10, 40, -10, 40); // for seed_fill

// grid 1

	vector<vector<int>> grid = {
    {1,1,1,1,1,1,1,1,1,1,1,1,1,1,1,1,1,1,1,1,1,1,1,1,1,1,1,1,1,1},
    {1,0,0,0,0,0,0,0,0,0,0,0,0,0,0,0,0,0,0,0,0,0,0,0,0,0,0,0,0,1},
    {1,0,1,1,1,0,1,1,1,0,1,1,0,0,0,1,1,0,1,1,1,0,1,1,1,0,1,1,0,1},
    {1,0,1,0,0,0,1,0,1,0,1,0,0,1,0,0,1,0,1,0,1,0,0,1,0,0,0,1,0,1},
    {1,0,1,0,1,1,1,0,1,0,1,1,0,1,0,1,1,0,1,0,1,1,1,0,1,0,1,1,0,1},
    {1,0,0,0,1,0,0,0,0,0,0,1,0,0,0,0,0,0,0,0,0,0,1,0,0,0,1,0,0,1},
    {1,0,1,1,1,0,1,1,1,0,1,1,0,1,1,0,1,1,1,0,1,1,1,0,1,1,1,0,1,1},
    {1,0,1,0,0,0,1,0,1,0,1,0,0,1,0,0,1,0,1,0,1,0,0,0,1,0,0,0,1,1},
    {1,0,1,0,1,1,1,0,1,0,1,1,0,1,0,1,1,0,1,0,1,1,1,0,1,1,1,0,1,1},
    {1,0,0,0,0,0,0,0,0,0,0,0,0,0,0,0,0,0,0,0,0,0,0,0,0,0,0,0,0,1},
    {1,0,1,1,1,0,1,1,1,0,1,1,0,1,1,0,1,1,1,0,1,1,1,0,1,1,1,0,1,1},
    {1,0,1,0,0,0,1,0,1,0,1,0,0,0,0,0,0,0,1,0,1,0,0,0,1,0,0,0,1,1},
    {1,0,1,0,1,1,1,0,1,0,1,1,0,1,1,0,1,1,1,0,1,1,1,0,1,1,1,0,1,1},
    {1,0,0,0,0,0,0,0,0,0,0,0,0,0,0,0,0,0,0,0,0,0,0,0,0,0,0,0,0,1},
    {1,0,1,1,1,0,1,1,1,0,1,1,0,1,1,0,1,1,1,0,1,1,1,0,1,1,1,0,1,1},
    {1,0,1,0,0,0,1,0,1,0,1,0,0,0,0,0,0,0,1,0,1,0,0,0,1,0,0,0,1,1},
    {1,0,1,0,1,1,1,0,1,0,1,1,0,1,1,0,1,1,1,0,1,1,1,0,1,1,1,0,1,1},
    {1,0,0,0,0,0,0,0,0,0,0,0,0,0,0,0,0,0,0,0,0,0,0,0,0,0,0,0,0,1},
    {1,1,1,1,1,1,1,1,1,1,1,1,1,1,1,1,1,1,1,1,1,1,1,1,1,1,1,1,1,1},
    {1,1,1,1,1,1,1,1,1,1,1,1,1,1,1,1,1,1,1,1,1,1,1,1,1,1,1,1,1,1},
    {1,0,0,0,0,0,0,0,0,0,0,0,0,0,0,0,0,0,0,0,0,0,0,0,0,0,0,0,0,1},
    {1,0,1,1,1,1,1,1,1,1,1,1,1,1,1,1,1,1,1,1,1,1,1,1,1,1,1,1,0,1},
    {1,0,1,0,0,0,0,0,0,0,0,0,0,0,0,0,0,0,0,0,0,0,0,0,0,0,0,1,0,1},
    {1,0,1,0,1,1,1,1,1,0,1,1,1,1,0,1,1,1,1,0,1,1,1,1,0,1,0,1,0,1},
    {1,0,0,0,0,0,0,0,1,0,0,0,0,0,0,0,0,0,0,0,0,0,0,0,0,0,0,0,0,1},
    {1,1,1,1,1,1,1,1,1,1,1,1,1,1,1,1,1,1,1,1,1,1,1,1,1,1,1,1,1,1},
    {1,0,0,0,0,0,0,0,0,0,0,0,0,0,0,0,0,0,0,0,0,0,0,0,0,0,0,0,0,1},
    {1,0,1,1,1,1,1,1,1,1,1,1,1,1,1,1,1,1,1,1,1,1,1,1,1,1,1,1,0,1},
    {1,0,0,0,0,0,0,0,0,0,0,0,0,0,0,0,0,0,0,0,0,0,0,0,0,0,0,0,0,1},
    {1,1,1,1,1,1,1,1,1,1,1,1,1,1,1,1,1,1,1,1,1,1,1,1,1,1,1,1,1,1}
    };

    vector<GLint> seed = { 1, 1 };

// grid 2

	vector<vector<int>> grid = {
	{1,1,1,1,1,1,1,1,1,1,1,1,1,1,1,1,1,1,1,1,1,1,1,1,1,1,1,1,1,1},
	{1,0,0,0,0,0,0,0,0,0,0,0,0,0,0,0,0,0,0,0,0,0,0,0,0,0,0,0,0,1},
	{1,0,1,1,1,0,1,1,1,0,1,1,0,0,0,1,1,0,1,1,1,0,1,1,1,0,1,1,0,1},
	{1,0,1,0,0,0,1,0,1,0,1,0,0,1,0,0,1,0,1,0,1,0,0,1,0,0,0,1,0,1},
	{1,0,1,0,1,1,1,0,1,0,1,1,0,1,0,1,1,0,1,0,1,1,1,0,1,0,1,1,0,1},
	{1,0,0,0,1,0,0,0,0,0,0,1,0,0,0,0,0,0,0,0,0,0,1,0,0,0,1,0,0,1},
	{1,0,1,1,1,0,1,1,1,0,1,1,0,1,1,0,1,1,1,0,1,1,1,0,1,1,1,0,1,1},
	{1,0,1,0,0,0,1,0,1,0,1,0,0,1,0,0,1,0,1,0,1,0,0,0,1,0,0,0,1,1},
	{1,0,1,0,1,1,1,0,1,0,1,1,0,1,0,1,1,0,1,0,1,1,1,0,1,1,1,0,1,1},
	{1,0,0,0,0,0,0,0,0,0,0,0,0,0,0,0,0,0,0,0,0,0,0,0,0,0,0,0,0,1},
	{1,0,1,1,1,0,1,1,1,0,1,1,0,1,1,0,1,1,1,0,1,1,1,0,1,1,1,0,1,1},
	{1,0,1,0,0,0,1,0,1,0,1,0,0,0,0,0,0,0,1,0,1,0,0,0,1,0,0,0,1,1},
	{1,0,1,0,1,1,1,0,1,0,1,1,0,1,1,0,1,1,1,0,1,1,1,0,1,1,1,0,1,1},
	{1,0,0,0,0,0,0,0,0,0,0,0,0,0,0,0,0,0,0,0,0,0,0,0,0,0,0,0,0,1},
	{1,0,1,1,1,0,1,1,1,0,1,1,0,1,1,0,1,1,1,0,1,1,1,0,1,1,1,0,1,1},
	{1,0,1,0,0,0,1,0,1,0,1,0,0,0,0,0,0,0,1,0,1,0,0,0,1,0,0,0,1,1},
	{1,0,1,0,1,1,1,0,1,0,1,1,0,1,1,0,1,1,1,0,1,1,1,0,1,1,1,0,1,1},
	{1,0,0,0,0,0,0,0,0,0,0,0,0,0,0,0,0,0,0,0,0,0,0,0,0,0,0,0,0,1},
	{1,1,1,1,1,1,1,1,1,1,1,1,1,1,1,1,1,1,1,1,1,1,1,1,1,1,1,1,1,1}
	};

	vector<GLint> seed = { 1, 1 };